83.2
84.82
85.06
85.95
86.7
85.59
83.76
81.5
79.9
76.27
76.41
76.95
76.97
77.24
78.28
78.0
75.75
74.15
74.18
75.2
75.76
76.98
78.19
78.85
79.2
78.3
77.76
75.94
72.88
70.29
66.77
65.44
62.82
61.0
59.7
58.5
58.2
59.11
55.03
56.24
62.37
56.11
56.55
59.66
61.77
63.77
65.09
65.88
65.87
67.12
70.0
72.19
74.93
78.74
83.93
87.74
90.35
93.84
97.56
101.1
84.0
84.9
85.3
86.3
87.09
86.67
86.37
84.99
85.41
78.87
79.26
80.87
81.22
79.72
83.96
84.78
82.73
75.29
75.93
76.2
76.0
76.88
79.04
80.67
79.72
79.57
78.5
75.56
73.82
72.14
69.25
65.23
62.34
60.45
60.14
60.45
72.43
91.77
112.47
139.01
145.04
147.6
154.96
158.78
160.05
157.72
152.72
144.25
132.51
118.87
102.16
84.49
71.12
73.5
78.27
82.75
86.45
89.15
91.69
95.71
84.6
84.96
85.12
85.35
84.95
85.24
87.02
88.04
89.55
92.09
101.7
122.12
127.7
119.3
123.65
124.79
122.36
89.84
85.19
81.36
75.97
77.24
82.02
84.19
80.25
87.53
94.21
109.68
108.77
90.04
92.01
88.56
100.45
127.65
163.63
190.63
203.01
203.02
203.03
203.0
203.0
203.0
203.0
203.0
203.0
203.0
203.0
203.0
203.0
202.92
203.05
202.98
194.65
168.49
140.12
109.6
83.41
84.37
87.18
90.02
84.52
84.2
85.09
85.16
84.52
88.64
94.83
114.77
125.15
140.06
152.94
204.01
208.27
203.98
207.01
211.27
203.83
178.52
163.64
138.78
96.75
89.82
100.84
108.6
145.0
188.05
205.55
211.31
214.08
202.35
198.71
200.87
202.98
203.03
203.0
203.0
203.0
203.0
203.0
203.0
203.0
203.0
203.0
203.0
203.0
203.0
203.0
203.0
203.0
203.0
203.0
203.0
203.0
202.98
203.04
203.03
196.58
161.4
119.67
88.38
84.97
83.21
85.15
100.34
112.06
121.69
149.17
181.25
185.41
194.61
209.53
222.21
223.35
219.62
219.6
223.52
223.4
226.11
219.65
216.14
203.14
180.01
178.84
203.75
220.06
219.25
211.09
205.31
204.53
202.96
203.0
203.0
203.0
203.0
203.0
203.0
203.0
203.0
203.0
203.0
203.0
203.0
203.0
203.0
203.0
203.0
203.0
203.0
203.0
203.0
203.0
203.0
203.0
203.0
203.0
203.0
203.0
203.0
202.99
190.41
86.57
88.69
104.28
141.57
186.99
200.43
208.01
216.99
209.28
213.29
216.42
221.33
219.82
220.01
218.9
219.73
215.89
218.41
219.98
218.14
223.08
225.84
222.95
221.43
218.3
209.81
203.14
203.01
203.0
203.0
203.0
203.0
203.0
203.0
203.0
203.0
203.0
203.0
203.0
203.0
203.0
203.0
203.0
203.0
203.0
203.0
203.0
203.0
203.0
203.0
203.0
203.0
203.0
203.0
203.0
203.0
203.0
203.0
203.0
203.0
91.9
116.07
157.11
199.23
210.02
211.2
208.07
212.18
216.91
221.04
215.19
217.45
215.41
212.46
215.04
220.27
218.27
216.25
210.66
200.24
191.75
200.5
205.13
209.17
204.12
202.95
203.0
203.0
203.0
203.0
203.0
203.0
203.0
203.0
203.0
203.0
203.0
203.0
203.0
203.0
203.0
203.0
203.0
203.0
203.0
203.0
203.0
203.0
203.0
203.0
203.0
203.0
203.0
203.0
203.0
203.0
203.0
203.0
203.0
203.0
108.75
151.32
202.36
226.32
225.84
223.5
222.83
216.78
213.87
206.47
203.2
207.73
207.02
208.82
202.19
202.97
208.38
210.02
202.08
199.36
178.31
182.21
183.15
202.67
202.98
203.0
203.0
203.0
203.0
203.0
203.0
203.0
203.0
203.0
203.0
203.0
203.0
203.0
203.0
203.0
203.0
203.0
203.0
203.0
203.0
203.0
203.0
203.0
203.0
203.0
203.0
203.0
203.0
203.0
203.0
203.0
203.0
203.0
203.0
203.0
150.07
202.94
227.16
229.75
227.54
226.63
219.02
215.97
208.05
204.42
199.14
199.32
199.9
208.86
205.02
197.9
181.7
190.68
195.6
184.85
178.43
164.5
200.47
203.0
203.0
203.0
203.0
203.0
203.0
203.0
203.0
203.0
203.0
203.0
203.0
203.0
203.0
203.0
203.0
203.0
203.0
203.0
203.0
203.0
203.0
203.0
203.0
203.0
203.0
203.0
203.0
203.0
203.0
203.0
203.0
203.0
203.0
203.0
203.0
203.0
210.26
228.26
227.67
228.31
227.89
229.9
231.61
224.94
216.88
198.92
188.79
189.13
188.76
198.86
201.2
186.64
174.46
182.29
178.24
186.6
169.21
194.12
203.05
203.0
203.0
203.0
202.99
202.91
203.02
203.01
203.0
203.0
203.0
203.0
203.0
203.0
203.0
203.0
203.0
203.0
203.0
203.0
203.0
203.0
203.0
203.0
203.0
203.0
203.0
203.0
203.0
203.01
203.02
202.94
203.06
203.03
202.92
202.96
203.0
203.0
229.32
226.13
209.99
205.61
207.34
204.54
207.29
209.3
210.32
195.8
167.77
162.21
177.51
158.65
173.34
165.31
163.42
169.63
156.47
160.05
183.41
203.0
203.0
203.0
203.0
203.0
203.08
97.49
121.29
128.88
182.02
191.85
181.22
161.94
188.92
190.17
184.08
202.94
169.41
188.73
163.35
186.0
166.28
177.91
203.01
175.9
176.71
164.39
196.66
157.3
194.29
145.43
123.9
176.56
116.28
90.52
173.41
129.03
169.22
184.2
209.11
189.02
187.67
200.87
198.55
206.47
212.32
213.61
207.73
208.17
171.55
139.48
145.61
144.94
143.23
156.01
150.58
153.28
146.65
152.5
196.46
203.0
203.0
203.0
203.0
203.0
203.1
86.81
100.65
162.08
143.89
68.97
67.89
119.5
74.18
137.76
109.45
179.59
94.36
126.36
75.14
82.67
70.64
81.94
203.01
66.55
72.63
62.27
106.61
61.68
57.81
119.04
116.04
173.28
95.51
69.01
77.86
90.83
67.0
103.58
153.83
129.47
124.54
144.49
159.71
189.62
198.41
196.34
202.44
209.15
166.73
147.16
122.02
139.28
147.64
145.19
140.84
141.61
142.59
137.75
202.97
203.0
203.0
203.0
203.0
203.0
202.99
121.91
139.4
183.42
191.23
51.62
151.42
98.24
143.51
93.78
137.78
196.2
100.39
113.92
101.43
116.51
128.65
124.74
202.99
124.94
147.23
105.55
127.81
102.89
116.7
97.46
142.24
194.68
105.48
124.96
124.59
124.87
110.17
121.36
132.94
132.34
127.69
136.39
168.62
182.45
202.04
203.51
181.56
175.07
203.33
156.65
142.8
121.22
144.38
160.48
159.25
131.89
140.16
149.57
203.06
203.0
203.0
203.0
203.0
203.0
203.0
203.0
203.0
203.01
177.64
171.2
203.02
203.0
203.0
203.0
203.0
203.0
203.0
203.0
203.0
203.0
203.0
203.0
203.0
203.0
203.0
203.0
203.0
203.0
203.0
203.0
203.0
203.0
203.0
203.0
203.0
203.0
203.0
203.0
127.22
115.98
124.55
138.28
176.64
200.07
203.97
203.81
197.92
161.33
135.67
202.8
185.44
145.41
133.46
162.78
178.33
135.52
137.97
134.71
203.02
203.0
203.0
203.0
203.0
203.0
203.0
203.0
203.0
203.0
203.0
203.0
203.0
203.0
203.0
176.7
166.0
130.56
146.31
197.79
203.01
145.93
145.87
203.0
203.02
145.86
203.0
203.08
203.02
203.13
202.97
202.96
202.96
203.0
203.0
203.0
203.0
203.0
203.0
203.0
128.0
96.66
89.94
118.25
165.85
185.68
197.1
205.71
212.67
180.13
133.42
141.92
202.35
197.25
167.19
158.94
179.98
181.72
148.44
152.75
202.56
203.0
203.0
203.0
203.0
203.0
203.0
203.0
203.0
203.0
203.0
203.0
203.0
203.0
203.0
189.81
68.67
31.62
84.93
94.41
105.19
90.86
91.04
198.67
88.24
66.57
108.95
93.44
104.3
83.64
121.05
83.12
182.64
203.0
203.0
203.0
203.0
203.0
203.0
203.0
93.03
65.28
25.35
45.0
107.04
146.46
168.34
198.33
201.92
185.01
148.4
112.41
138.24
216.5
202.42
215.26
197.04
188.26
180.2
144.54
194.46
202.98
203.0
203.0
203.0
203.0
203.0
203.0
203.0
203.0
203.0
203.0
203.0
203.0
203.0
203.02
45.07
108.52
87.23
50.96
86.54
90.83
90.98
193.2
77.32
68.67
83.61
78.39
84.11
123.48
68.87
65.57
173.09
203.0
203.0
203.0
203.0
203.0
203.0
203.0
108.36
67.57
41.89
37.8
130.47
168.93
193.79
211.03
183.71
170.79
127.56
112.1
122.36
170.84
201.86
210.54
215.63
195.67
185.84
168.55
158.3
202.46
203.0
203.0
203.0
203.0
203.0
203.0
203.0
203.0
203.0
203.0
203.0
203.0
203.0
203.0
190.05
198.88
194.31
191.22
193.15
191.99
191.91
203.06
186.81
189.53
195.15
189.55
192.18
195.02
197.91
183.48
202.98
203.0
203.0
203.0
203.0
203.0
203.0
203.0
105.78
69.37
125.04
171.36
198.89
203.03
209.86
177.15
177.38
165.39
142.47
123.98
124.9
137.09
172.05
200.18
208.63
205.75
171.71
173.72
140.99
185.74
202.95
203.0
203.0
203.0
203.0
203.0
203.0
203.0
203.0
203.0
203.0
203.0
203.0
203.0
203.0
203.0
203.0
203.0
203.0
203.0
203.0
203.0
203.0
203.0
203.0
203.0
203.0
203.0
203.0
203.0
203.0
203.0
203.0
203.0
203.0
203.0
203.0
203.0
80.86
91.97
118.79
146.5
186.57
209.24
176.44
176.03
170.89
180.66
176.56
165.03
148.56
127.94
151.89
188.82
193.94
178.01
164.91
139.45
138.65
147.01
165.17
202.93
203.0
203.0
203.0
203.0
203.0
203.0
203.0
203.0
203.0
203.0
203.0
203.0
203.0
203.0
203.0
203.0
203.0
203.0
203.0
203.0
203.0
203.0
203.0
203.0
203.0
203.0
203.0
203.0
203.0
203.0
203.0
203.0
203.0
203.0
203.0
203.0
101.55
69.11
79.28
165.51
192.57
197.91
179.49
191.47
182.49
187.92
197.68
184.68
173.63
169.65
161.17
163.07
168.99
171.64
166.81
108.2
159.95
139.61
118.41
145.56
201.35
203.0
203.0
203.0
203.0
203.0
203.0
203.0
203.0
203.0
203.0
203.0
203.0
203.0
203.0
203.0
203.0
203.0
203.0
203.0
203.0
203.0
203.0
203.0
203.0
203.0
203.0
203.0
203.0
203.0
203.0
203.0
203.0
203.0
203.0
203.0
105.07
78.87
118.54
181.82
207.05
195.83
195.27
196.45
200.35
222.97
217.46
206.76
190.9
179.81
161.32
162.31
153.84
182.67
176.32
115.36
129.88
134.68
129.55
99.84
131.92
179.3
203.02
203.0
203.0
203.0
203.0
203.0
203.0
203.0
203.0
203.0
203.0
203.0
203.0
203.0
203.0
203.0
203.0
203.0
203.0
203.0
203.0
203.0
203.0
203.0
203.0
203.0
203.0
203.0
203.0
203.0
203.0
203.0
203.0
203.0
117.1
84.48
130.67
173.44
195.92
202.01
209.47
209.38
208.53
205.18
202.06
181.36
172.56
165.0
161.11
152.25
157.8
166.7
167.73
110.22
148.92
170.17
135.71
108.58
114.95
132.56
176.24
184.35
202.99
203.0
203.0
203.0
203.0
203.0
203.0
203.0
203.0
203.0
203.0
203.0
203.0
203.0
203.0
203.0
203.0
203.0
203.0
203.0
203.0
203.0
203.0
203.0
203.0
203.0
203.0
203.0
203.0
203.0
203.0
203.03
110.73
106.86
125.5
171.72
192.99
199.51
206.87
204.85
191.02
176.61
172.33
172.96
169.36
163.17
158.53
158.6
148.81
130.97
133.94
129.23
106.24
162.41
170.87
106.11
91.67
99.49
164.67
129.58
185.66
189.99
203.44
203.0
203.0
203.0
203.0
203.0
203.0
203.0
203.0
203.0
203.0
203.0
203.0
203.0
203.0
203.0
203.0
203.0
203.0
203.0
203.0
203.0
203.0
203.0
203.0
203.0
203.0
202.06
155.33
78.58
169.78
151.08
155.05
160.96
182.44
190.76
199.35
191.28
182.34
188.36
172.31
178.54
174.85
165.88
153.48
152.3
145.87
138.98
138.31
103.73
99.86
159.71
153.59
141.38
76.48
73.12
130.45
137.49
177.33
150.59
221.85
213.21
207.28
205.28
203.02
202.99
203.02
203.01
203.0
203.0
203.0
203.0
203.0
203.0
203.0
203.0
203.0
203.0
203.0
203.0
203.01
202.91
203.04
203.11
193.81
147.17
91.18
29.77
6.8
6.9
175.75
167.93
173.45
171.0
154.96
178.38
178.5
186.91
181.95
175.22
175.5
183.97
179.59
167.59
162.3
163.34
149.43
143.25
142.18
115.25
128.13
120.17
105.42
152.84
113.06
65.99
106.53
131.21
190.36
135.95
214.81
222.76
221.2
225.55
180.91
129.58
126.1
147.1
186.22
203.0
203.0
203.0
203.0
203.0
203.0
203.02
202.96
202.99
193.25
173.35
149.5
120.45
85.79
46.23
10.56
7.0
7.0
6.9
6.0
6.3
197.16
193.5
186.47
197.04
184.03
177.44
190.06
187.14
182.22
181.15
191.69
187.5
181.0
179.99
177.15
166.72
157.49
162.91
149.67
112.31
164.86
174.97
147.46
145.79
144.55
64.82
132.69
123.31
197.17
149.45
203.36
216.2
199.65
216.05
158.89
66.26
27.54
23.46
172.76
203.0
203.0
203.0
203.0
203.0
188.92
64.45
27.66
14.73
7.64
8.89
10.8
9.8
8.24
7.42
7.0
7.0
7.0
6.42
6.0
6.0
207.13
203.84
197.89
208.26
203.74
198.14
195.28
198.28
195.47
195.47
193.55
186.09
187.48
196.43
198.1
184.58
179.72
179.26
170.57
135.7
184.93
205.01
161.54
127.4
156.08
68.63
145.16
127.71
188.68
155.63
187.56
154.29
120.72
182.95
141.78
54.4
18.94
69.2
203.01
203.0
203.0
203.0
202.9
170.02
36.04
11.57
11.12
9.0
7.3
7.22
7.84
8.2
7.44
7.02
7.0
7.0
6.44
5.94
5.2
5.2
208.35
201.92
199.97
210.77
214.03
208.6
209.16
211.34
202.78
197.8
194.46
189.54
195.19
211.33
204.98
185.48
175.95
193.85
201.14
154.14
179.98
205.0
192.03
122.32
131.83
91.84
128.75
134.8
168.24
153.69
80.45
78.4
69.58
190.62
131.2
56.95
30.73
174.87
203.0
203.0
203.08
202.65
126.46
14.65
7.0
9.94
11.52
10.25
8.72
7.24
7.0
7.0
7.0
6.98
6.8
6.3
5.66
4.88
4.8
4.8
205.73
207.32
210.08
202.16
196.63
193.43
218.28
214.82
209.71
207.21
193.3
188.05
204.0
221.17
204.13
197.08
185.05
195.26
208.46
161.79
172.3
213.53
187.52
148.83
143.79
131.2
147.02
164.15
140.52
85.4
71.08
88.16
105.11
181.43
121.2
50.09
119.43
202.92
203.0
202.95
175.19
61.17
4.63
4.92
6.56
9.26
12.76
14.25
12.1
8.64
6.88
6.6
6.6
6.18
5.48
4.9
4.18
4.0
3.88
3.6
213.02
213.39
207.27
206.33
198.64
197.87
218.77
220.52
221.24
216.0
198.27
192.52
207.66
226.62
226.72
215.83
208.19
207.26
205.47
171.56
159.9
213.61
198.35
180.91
146.19
146.21
158.77
157.15
99.16
47.65
47.13
69.04
167.79
148.14
99.07
105.17
202.58
202.97
176.53
87.54
10.37
4.11
4.0
4.2
5.25
7.82
13.1
15.2
13.56
9.61
6.7
4.92
4.8
4.44
4.28
3.7
3.4
3.4
3.1
2.4
195.73
193.51
206.1
202.84
196.21
188.28
211.23
210.2
209.15
206.0
197.12
181.74
189.7
191.95
192.97
189.5
176.48
156.52
149.69
152.32
167.59
197.6
181.04
156.49
167.38
160.51
154.95
167.47
64.96
48.66
110.62
151.13
125.07
126.47
131.08
158.21
113.22
53.43
4.58
2.23
2.89
3.2
3.44
4.0
3.59
6.31
9.34
10.7
10.26
7.62
5.66
4.04
4.0
3.92
3.2
3.1
2.44
2.2
2.14
1.6
200.62
183.03
181.32
178.77
161.31
166.98
181.3
178.65
166.84
174.03
188.55
184.61
190.55
90.84
127.92
140.25
89.73
109.2
91.05
31.51
147.71
210.07
162.25
157.17
168.51
159.84
152.74
165.89
126.83
194.53
165.49
123.33
122.08
111.92
57.18
7.32
2.13
1.08
1.24
1.8
1.8
1.98
2.24
2.9
3.56
4.14
6.06
6.85
6.41
5.37
4.01
3.4
3.0
2.82
2.8
2.4
2.0
1.98
1.56
1.0
201.57
199.73
196.89
207.09
203.73
199.69
203.86
204.24
200.47
203.44
211.5
217.74
225.62
106.71
79.25
139.18
103.83
124.19
55.54
17.0
90.58
207.9
206.43
172.88
175.48
160.1
157.05
153.49
139.38
165.47
141.01
118.74
124.9
96.18
16.06
0.96
1.0
1.0
1.0
1.0
1.0
1.54
1.72
2.3
2.6
3.96
5.3
5.92
4.78
3.66
3.02
2.6
2.6
2.06
2.0
2.0
2.0
1.58
1.0
1.0
186.52
188.46
192.24
209.95
228.54
228.93
219.93
217.96
220.9
207.04
186.97
189.12
215.72
202.49
55.17
30.74
50.05
45.84
60.39
102.3
99.91
145.31
204.66
193.76
191.83
172.81
158.51
155.91
128.48
138.5
136.73
121.07
100.02
24.35
1.57
1.0
1.0
1.0
1.0
1.0
1.0
1.0
1.12
1.7
2.0
3.36
4.7
5.02
3.58
2.46
2.0
2.0
1.58
1.4
1.4
1.4
1.4
1.04
1.0
1.0
153.69
198.27
196.05
205.94
229.34
233.68
221.58
217.18
218.19
216.03
189.76
181.7
184.28
204.66
188.39
122.69
107.06
162.48
212.83
191.03
101.08
107.69
162.1
202.91
206.72
199.8
176.38
178.39
134.58
124.35
136.6
104.18
17.83
5.94
2.44
1.0
1.0
1.0
1.0
1.0
1.0
1.0
1.0
1.1
1.76
2.28
3.26
3.3
2.5
1.94
1.2
1.2
1.06
1.0
1.0
1.0
1.0
1.0
1.0
1.0
136.05
145.58
183.11
190.33
209.13
220.88
220.97
214.05
198.83
208.07
199.75
188.64
172.21
146.65
136.05
141.78
146.92
145.47
174.45
204.31
143.84
113.78
143.74
196.33
213.75
210.23
206.76
209.81
174.86
151.37
158.3
54.3
9.18
1.07
1.0
1.0
1.0
1.0
1.0
1.0
1.0
1.0
1.0
1.0
1.0
1.08
1.8
1.8
1.8
1.08
1.0
1.0
1.0
1.0
1.0
1.0
1.0
1.0
1.0
1.0
94.58
106.07
149.61
188.49
199.65
208.0
209.93
200.19
181.65
185.2
195.63
196.47
182.99
160.75
148.32
136.44
157.72
164.86
168.35
186.48
150.58
111.83
164.09
201.56
215.76
213.45
218.09
208.95
189.8
178.61
167.27
15.04
1.46
1.0
1.0
1.0
1.0
1.0
1.0
1.0
1.0
1.0
1.0
1.0
1.0
1.0
1.0
1.0
1.0
1.0
1.0
1.0
1.0
1.0
1.0
1.0
1.0
1.0
1.0
1.0
75.35
67.94
117.18
164.85
209.36
210.82
206.33
206.55
209.67
209.81
211.02
206.29
201.7
191.64
182.59
171.55
155.19
169.71
162.97
159.29
142.99
127.47
143.62
198.65
215.02
216.79
210.84
211.78
198.56
192.5
131.6
24.05
4.3
1.01
1.0
1.0
1.0
1.0
1.0
1.0
1.0
1.0
1.0
1.0
1.0
1.0
1.0
1.0
1.0
1.0
1.0
1.0
1.0
1.0
1.0
1.0
1.0
1.0
1.0
1.0
95.76
92.21
85.6
119.97
173.77
195.37
203.58
205.57
205.92
206.02
209.79
214.28
218.44
221.79
215.11
189.59
165.5
163.05
157.66
151.65
164.83
166.2
125.21
175.91
211.33
214.04
210.57
207.51
210.14
202.02
123.24
44.7
8.33
1.08
1.0
1.0
1.0
1.0
1.0
1.0
1.0
1.0
1.0
1.0
1.0
1.0
1.0
1.0
1.0
1.0
1.0
1.0
1.0
1.0
1.0
1.0
1.0
1.0
1.0
1.0
88.26
92.4
94.8
97.3
134.29
169.16
182.97
192.67
185.27
190.9
187.45
195.92
214.06
220.38
219.35
212.71
178.19
149.91
164.56
195.27
207.87
207.46
154.63
143.76
201.81
205.92
202.75
196.1
205.94
209.78
157.0
93.5
24.42
3.3
1.92
1.84
1.47
1.06
1.2
1.05
0.89
0.98
0.86
1.0
1.0
1.0
0.96
0.98
0.9
1.23
2.5
2.82
1.72
1.21
1.03
1.05
0.95
0.95
0.95
1.0
110.89
121.21
134.74
131.01
122.44
149.7
176.5
195.27
196.01
194.01
188.09
183.43
193.77
198.58
205.54
224.8
224.78
211.1
191.51
193.7
192.57
227.29
205.45
155.59
180.61
186.84
190.96
178.2
198.93
208.52
191.61
154.2
99.99
66.22
51.95
44.73
35.3
29.28
28.46
27.79
19.77
11.66
8.84
10.28
15.71
20.08
17.63
21.35
35.8
55.03
64.78
60.46
54.49
51.5
42.23
32.93
27.68
21.68
13.27
11.17
97.66
113.25
119.22
124.88
130.46
122.76
115.45
116.79
129.82
142.94
149.45
155.2
168.87
165.97
170.64
216.18
229.35
222.7
215.48
211.98
212.88
233.31
238.15
209.35
135.27
98.34
110.15
145.18
196.45
200.23
214.57
211.65
179.42
145.51
123.0
114.88
116.32
122.2
126.02
124.45
112.84
101.48
98.05
105.94
118.63
124.1
123.11
128.52
150.21
170.77
175.01
172.26
176.34
178.57
170.42
155.94
148.89
141.23
130.3
132.11
77.21
97.3
97.65
109.82
123.07
117.23
129.06
148.54
173.4
171.39
153.28
139.87
152.37
175.84
184.02
174.98
204.58
217.56
221.83
223.02
222.58
224.52
231.42
223.53
201.8
136.89
154.27
170.16
168.28
190.03
212.33
214.64
201.19
185.21
173.39
163.64
169.61
182.85
190.46
192.4
188.89
184.64
184.68
190.16
196.31
200.52
202.17
205.96
215.52
223.52
223.5
223.42
227.8
230.44
227.95
223.99
221.28
219.33
217.84
218.87
89.66
85.29
111.39
111.8
144.22
162.49
159.17
143.58
130.8
119.46
137.26
148.39
152.64
150.21
166.27
172.37
170.24
181.4
198.59
208.81
211.15
213.48
211.36
207.14
194.25
159.76
149.26
156.74
170.34
187.45
196.82
178.89
186.53
198.81
207.02
190.38
185.73
197.47
206.45
212.04
213.69
214.07
215.14
217.65
221.04
224.27
226.02
229.07
233.28
236.41
232.8
232.82
237.9
241.35
240.82
239.29
239.14
240.06
240.47
240.9
95.39
90.21
87.3
120.11
131.25
131.17
125.5
108.79
134.29
151.58
133.49
121.45
132.88
136.93
129.25
146.24
141.12
162.59
160.32
168.66
163.09
182.64
186.89
171.22
150.08
141.0
158.94
173.76
185.87
188.68
184.29
162.49
180.0
208.08
225.36
215.42
197.29
195.27
206.3
214.73
219.86
221.47
222.13
223.58
225.55
227.5
229.18
230.33
230.4
230.35
227.76
227.61
232.18
234.32
235.72
236.15
237.22
238.63
239.1
239.16
104.96
93.48
94.28
106.06
110.21
103.08
128.91
145.76
122.63
100.3
107.7
124.24
108.94
114.28
118.65
125.67
145.18
143.21
151.72
155.2
155.17
157.78
152.59
141.49
133.17
140.26
165.13
179.82
184.49
181.72
174.36
163.8
181.13
208.57
224.43
227.33
216.94
201.33
201.39
212.5
219.24
221.92
222.58
223.15
223.44
223.14
223.05
221.8
219.0
217.15
216.75
216.6
217.8
217.95
220.4
223.28
227.43
230.39
232.01
232.21
108.92
100.36
93.23
79.38
93.63
106.98
122.31
121.25
117.74
121.68
124.04
113.73
107.37
117.05
115.99
123.75
127.24
131.44
152.07
153.04
148.86
136.05
128.31
128.15
138.93
136.18
151.61
177.08
169.28
160.55
154.06
157.92
181.25
205.53
213.31
208.66
195.55
180.85
187.67
210.61
218.91
219.8
222.26
222.64
220.6
219.14
218.19
215.07
208.73
207.06
208.15
208.47
204.89
199.03
197.3
199.93
207.16
217.01
222.15
222.88
122.0
112.56
101.23
81.07
85.16
107.69
93.46
99.04
125.6
134.75
134.52
122.89
112.49
120.34
117.26
129.16
124.87
128.97
139.7
128.99
132.83
143.0
148.81
148.13
154.41
150.52
145.92
159.08
156.12
144.02
144.34
162.66
187.88
202.72
198.26
182.08
160.08
155.22
180.6
216.28
228.39
227.69
229.44
226.64
221.79
219.87
218.17
215.31
209.06
201.33
196.94
198.43
194.02
185.27
181.34
180.01
182.69
192.89
199.75
200.78
130.66
115.01
111.25
96.3
88.42
80.98
83.39
83.49
95.55
113.68
128.3
135.73
130.01
122.23
108.36
115.75
122.24
127.74
134.01
138.64
151.69
161.66
171.05
159.64
166.61
156.75
145.5
141.67
145.51
159.17
164.58
183.97
197.01
203.62
193.62
162.63
144.32
158.41
195.45
226.28
237.49
239.49
240.46
233.49
227.61
225.27
221.04
218.03
213.06
199.41
192.06
195.56
201.67
195.93
190.6
190.99
190.52
195.63
198.41
198.38
117.58
119.86
127.31
109.01
91.69
84.94
102.55
108.6
77.73
94.64
113.5
129.28
146.98
145.79
119.65
133.64
142.16
149.3
151.76
156.63
167.27
170.87
176.05
162.3
160.72
147.15
137.28
137.45
156.81
181.19
184.72
194.12
202.01
198.84
181.91
142.02
136.03
164.54
205.92
226.2
234.57
238.59
239.39
237.51
239.46
239.35
233.32
227.76
211.65
189.08
188.02
209.49
227.17
226.58
226.89
228.62
228.44
230.81
231.24
231.28
107.7
116.95
117.03
117.81
87.78
93.02
92.17
104.76
95.55
85.92
96.79
104.07
129.67
131.65
115.33
124.88
118.86
151.65
154.1
161.71
172.52
167.06
158.28
155.44
151.26
136.73
132.22
142.93
169.23
183.7
181.87
191.28
197.29
190.29
175.2
130.17
122.85
158.28
204.86
220.76
228.95
230.56
230.53
234.38
239.63
242.64
239.43
225.59
189.71
168.98
181.43
218.49
236.2
238.72
238.87
238.07
237.48
237.75
237.6
237.64
120.83
129.31
130.33
117.97
76.47
72.08
87.64
113.7
106.85
85.36
84.96
98.23
118.19
131.73
116.84
105.75
109.82
138.51
144.35
143.22
153.01
159.56
148.4
135.98
140.49
131.41
128.68
143.15
159.85
174.26
171.46
182.7
188.38
185.06
166.33
132.55
115.39
153.77
201.88
216.6
222.0
222.37
215.88
218.65
226.18
232.6
229.2
206.57
171.56
150.98
164.1
209.73
231.53
234.43
231.57
222.32
210.45
204.61
215.1
225.53
87.29
109.79
117.59
98.55
83.77
64.92
77.64
86.14
93.89
84.42
87.96
84.59
111.58
127.77
131.81
114.29
108.25
120.95
128.92
143.66
151.68
161.28
148.49
120.16
119.19
108.32
115.11
143.06
156.36
165.69
157.88
172.02
178.45
179.66
155.93
123.47
119.72
150.15
193.41
206.0
213.31
211.75
204.68
200.49
201.11
211.55
212.18
199.0
167.52
139.52
146.17
193.75
219.14
224.19
213.65
193.64
161.34
150.06
181.69
212.59
76.27
89.7
93.45
75.31
93.51
72.2
64.99
66.97
91.29
94.6
88.06
83.77
101.3
124.39
144.06
140.45
116.81
109.69
121.81
138.85
152.94
158.2
156.16
134.47
110.16
111.24
134.92
152.94
159.59
160.7
164.21
175.05
180.12
173.73
152.41
121.86
119.64
156.77
190.77
204.68
213.39
208.7
193.1
180.4
175.85
178.81
178.84
166.01
145.2
129.62
152.62
194.13
210.15
213.51
198.53
175.63
127.52
119.95
163.8
203.63
84.9
71.14
60.49
84.89
85.15
75.1
70.85
76.09
93.11
103.76
92.03
97.56
95.25
117.8
129.47
133.07
132.63
114.09
108.11
119.71
134.46
143.71
144.29
142.95
123.11
128.8
146.57
150.59
144.18
139.02
154.1
170.4
169.93
153.03
139.2
112.89
118.8
165.4
190.85
201.64
208.29
202.97
183.26
158.22
142.09
138.42
135.44
125.24
125.01
134.61
169.85
195.71
199.8
201.71
190.14
170.98
136.57
121.05
155.59
192.31
80.42
78.54
63.06
73.13
83.39
78.39
84.15
83.27
89.89
91.22
94.81
96.48
96.04
97.83
108.12
118.07
130.02
122.93
111.44
108.9
117.16
138.88
143.96
135.17
130.81
138.09
140.0
137.2
129.99
113.95
136.17
156.3
147.9
133.31
119.51
112.92
132.5
169.39
188.05
194.63
193.02
181.4
170.28
135.41
116.1
115.07
117.42
112.85
124.47
155.89
183.09
189.89
191.82
193.67
182.09
158.14
129.92
123.71
153.61
185.31
78.85
79.04
66.05
63.07
69.88
83.3
100.69
110.02
91.28
77.35
96.65
105.51
98.98
100.48
101.25
104.54
117.45
130.35
133.56
126.49
124.8
124.9
127.15
119.05
126.88
148.67
145.8
131.23
130.1
108.3
133.79
147.29
127.65
117.62
104.95
120.65
142.54
169.29
183.19
183.69
170.23
162.24
141.72
115.28
111.27
119.09
116.2
121.84
142.25
171.53
184.36
184.38
189.19
187.37
173.82
141.02
111.58
112.28
146.97
179.48
61.2
56.4
59.54
63.95
65.99
78.62
83.07
97.43
83.28
87.81
94.69
91.65
82.74
97.51
101.91
98.21
101.25
116.72
132.66
131.22
135.88
118.46
113.06
111.08
123.21
147.05
147.49
137.41
122.36
122.38
144.0
132.12
107.33
102.52
114.6
135.0
149.02
165.87
173.19
176.77
164.99
150.14
119.75
106.43
102.95
115.71
133.66
146.07
161.91
177.35
181.98
179.35
181.76
183.6
162.19
123.25
102.23
108.47
141.77
173.25
145.9
90.79
77.87
82.2
87.64
85.28
84.42
81.39
74.21
82.47
89.58
88.18
83.93
92.32
93.11
101.05
103.59
108.31
111.27
120.51
130.79
123.81
122.0
120.25
132.24
152.91
145.69
137.24
133.3
147.05
146.59
120.41
102.58
108.4
129.47
144.8
151.75
161.64
169.54
168.74
152.11
119.5
96.26
96.12
111.2
133.37
156.81
166.01
170.63
170.09
174.88
172.97
164.94
161.06
134.91
106.9
97.97
107.12
137.83
163.51
