0.0
0.0
0.0
0.0
0.0
0.0
0.0
0.0
-378.0
0.0
0.0
0.0
0.0
0.0
0.0
0.0
0.0
0.0
0.0
0.0
0.0
0.0
0.0
0.0
0.0
0.0
0.0
0.0
0.0
0.0
0.0
0.0
0.0
0.0
0.0
0.0
0.0
-39600.0
0.0
0.0
517568483.0
0.0
0.0
0.0
0.0
0.0
0.0
0.0
0.0
0.0
0.0
0.0
0.0
-1.0
89.0
-11.0
0.0
0.0
-8.0
-0.0
0.0
0.0
0.0
0.0
0.0
0.0
0.0
0.0
-0.0
0.0
0.0
0.0
-1.0
0.0
-0.0
0.0
280.0
0.0
0.0
0.0
0.0
0.0
0.0
0.0
0.0
0.0
0.0
0.0
0.0
0.0
0.0
0.0
0.0
0.0
0.0
0.0
12170388.0
-577696.0
-28497630.0
0.0
0.0
0.0
0.0
0.0
0.0
0.0
0.0
0.0
0.0
10693112.0
0.0
108.0
6724.0
-68708.0
-2309.0
0.0
-96.0
-0.0
84.0
-0.0
0.0
0.0
0.0
0.0
0.0
0.0
0.0
0.0
0.0
2456.0
0.0
14024.0
14401.0
210.0
-1205.0
64500.0
-6848.0
6366.0
-612.0
0.0
0.0
0.0
0.0
-0.0
0.0
2144.0
-884.0
-940.0
0.0
-0.0
0.0
0.0
0.0
0.0
395413379.0
0.0
0.0
0.0
0.0
0.0
0.0
0.0
0.0
0.0
0.0
0.0
0.0
0.0
0.0
0.0
0.0
0.0
0.0
0.0
-361154798.0
-866262404.0
-3625556.0
8.0
-4.0
-3.0
0.0
0.0
0.0
0.0
0.0
-0.0
0.0
-6403.0
-1832.0
-6232.0
-2216.0
576.0
-1168.0
3722.0
0.0
-0.0
-5416.0
-159524.0
3475.0
-4384.0
7066.0
-6136.0
-728.0
17835.0
251972.0
156515.0
-14378.0
-111462.0
60.0
-405288.0
-5684.0
0.0
0.0
0.0
0.0
0.0
0.0
0.0
0.0
0.0
0.0
0.0
0.0
0.0
0.0
0.0
0.0
0.0
0.0
0.0
0.0
0.0
0.0
0.0
0.0
0.0
0.0
-7826595283.0
50219998447.0
103434.0
0.0
-333.0
1906.0
-6976.0
-2236.0
594.0
13368.0
1056.0
-4438.0
-2495.0
78.0
5.0
0.0
0.0
-0.0
0.0
904.0
0.0
-20.0
17571.0
21152.0
-8126.0
229600.0
-15043.0
-25684.0
-177.0
-4908.0
0.0
0.0
0.0
0.0
0.0
0.0
0.0
0.0
0.0
0.0
0.0
0.0
0.0
0.0
0.0
0.0
0.0
0.0
0.0
0.0
0.0
0.0
0.0
0.0
0.0
0.0
0.0
0.0
0.0
0.0
0.0
0.0
-0.0
0.0
594.0
-695.0
188.0
-807.0
-0.0
23501.0
644.0
3186.0
-7533.0
-12.0
-3060.0
5720.0
-7693.0
-0.0
0.0
-1.0
0.0
4.0
-0.0
641.0
-0.0
0.0
-27.0
8310.0
1218.0
0.0
-0.0
0.0
0.0
0.0
0.0
0.0
0.0
0.0
0.0
0.0
0.0
0.0
0.0
0.0
0.0
0.0
0.0
0.0
0.0
0.0
0.0
0.0
0.0
0.0
0.0
0.0
0.0
0.0
0.0
0.0
0.0
0.0
0.0
2030.0
-3240.0
155.0
5568.0
-3518.0
0.0
-6063.0
-3829.0
-878.0
-7322.0
-1135.0
-2022.0
-5008.0
-65688.0
-5118.0
0.0
-1761.0
25614.0
2296.0
19770.0
319576.0
-0.0
-267498.0
19260.0
0.0
0.0
0.0
0.0
0.0
0.0
0.0
0.0
0.0
0.0
0.0
0.0
0.0
0.0
0.0
0.0
0.0
0.0
0.0
0.0
0.0
0.0
0.0
0.0
0.0
0.0
0.0
0.0
0.0
0.0
0.0
0.0
0.0
0.0
0.0
0.0
-5826.0
2160.0
1307.0
-812.0
-2979.0
-13119.0
58.0
-41673.0
-14640.0
36244.0
-15676.0
-2520.0
-276644.0
247632.0
-28641.0
-154415.0
-18596.0
463848.0
10489.0
65884.0
-48898.0
84807.0
43886655.0
0.0
0.0
0.0
0.0
0.0
0.0
0.0
0.0
0.0
0.0
0.0
0.0
0.0
0.0
0.0
0.0
0.0
0.0
0.0
0.0
0.0
0.0
0.0
0.0
0.0
0.0
0.0
0.0
0.0
0.0
0.0
0.0
0.0
0.0
0.0
0.0
0.0
18981.0
-32973.0
3316.0
-2712.0
-16198.0
39140.0
-30258.0
-10826.0
70056.0
664515.0
-12758.0
-285940.0
1190742.0
157341.0
-429172.0
-138389.0
-117662.0
-1520830.0
-4786390.0
849972.0
-8737.0
-1515858349.0
0.0
0.0
0.0
0.0
0.0
0.0
0.0
0.0
0.0
0.0
0.0
0.0
0.0
0.0
0.0
0.0
0.0
0.0
0.0
0.0
0.0
0.0
0.0
0.0
0.0
0.0
0.0
0.0
0.0
0.0
0.0
0.0
0.0
0.0
0.0
0.0
0.0
0.0
18060.0
-15120.0
-126046.0
929725.0
91622.0
1009532.0
2309751.0
-128424.0
25041385.0
50361567.0
-1925398.0
-4327177.0
8129358.0
-1258824.0
-19456655.0
-75483204.0
7047881.0
60517508.0
48491223.0
-22868816.0
-10093420.0
-0.0
0.0
0.0
0.0
0.0
0.0
0.0
0.0
0.0
0.0
0.0
0.0
0.0
0.0
0.0
0.0
0.0
0.0
0.0
0.0
0.0
0.0
0.0
0.0
0.0
0.0
0.0
0.0
0.0
0.0
0.0
0.0
0.0
0.0
0.0
0.0
0.0
0.0
0.0
669210.0
680.0
-225.0
80254.0
-172584.0
-5936972.0
57984489.0
-375793550.0
616773524.0
-41685294544.0
51736429.0
90558725.0
-47364441.0
-244215296.0
771417.0
383271908.0
-110075398.0
-78062216.0
-791127853.0
-81546798.0
-93184967920.0
0.0
0.0
0.0
0.0
0.0
0.0
0.0
9037406463557994.0
12982115058128.0
0.0
0.0
0.0
0.0
0.0
0.0
0.0
0.0
0.0
0.0
0.0
0.0
0.0
0.0
0.0
0.0
0.0
0.0
0.0
0.0
0.0
-10243235695977.0
0.0
0.0
-742840937270.0
4944007363600.0
-6284561132472.0
61418949382.0
0.0
0.0
10520.0
0.0
-2273.0
-22711.0
-709.0
-186.0
1660.0
-1134850.0
229636657.0
-91628856.0
-3813158299.0
505333904.0
14149874196.0
-3912913811.0
1174683760.0
336898961.0
-30173982.0
27477533680.0
-2925100473.0
482276040.0
0.0
0.0
0.0
0.0
0.0
0.0
0.0
0.0
0.0
0.0
-10544373036654.0
-127502210739204.0
-2398907727521000.0
-1805108203641.0
-627670146.0
-423712.0
0.0
4307891072.0
829583907029274.0
1.1735537758492277e+17
-6236879898117775.0
-120623968.0
-720898598.0
3212005417306.0
0.0
4584302872716.0
-785515715145102.0
2982914535020.0
-2.802510077005106e+18
-224775400951079.0
-240074170034.0
4655659536115.0
0.0
0.0
0.0
0.0
-341676873122.0
0.0
-3.555074382311923e+18
-2.8646293940761622e+17
5319499.0
14734448.0
-3667844.0
33718.0
-28323.0
-22258.0
-129777.0
200250.0
-152574.0
2756836.0
-311713443.0
-7077242016.0
2446838332.0
-1256980544.0
34976940144.0
4807329178.0
-164500708380.0
-16456973350.0
-841167085.0
-1291264368.0
0.0
0.0
0.0
0.0
0.0
0.0
0.0
0.0
0.0
-63031971975.0
0.0
21903107124076.0
-1.243812394418701e+16
0.0
0.0
0.0
0.0
0.0
0.0
0.0
0.0
0.0
0.0
0.0
-0.0
0.0
0.0
0.0
0.0
0.0
0.0
0.0
0.0
0.0
0.0
0.0
0.0
0.0
0.0
0.0
-3757230370.0
-422901.0
-6430364.0
-171075510.0
16800749.0
-52930.0
-21416.0
-6696.0
-5755.0
-1921075.0
110044454.0
54462286795.0
6490094272.0
113119114895.0
-4955692661.0
22829567242965.0
-305781441.0
217453454832.0
-612672698412.0
-44229142976.0
0.0
0.0
0.0
0.0
0.0
0.0
0.0
0.0
0.0
0.0
0.0
0.0
0.0
0.0
0.0
0.0
0.0
0.0
0.0
0.0
0.0
0.0
0.0
0.0
0.0
0.0
0.0
0.0
0.0
0.0
0.0
0.0
0.0
0.0
0.0
0.0
0.0
0.0
0.0
0.0
1682543081.0
5638343319.0
38297442.0
17645339.0
16003300.0
73866.0
21317.0
-9690.0
-2253.0
63400328.0
1858716860.0
-6612457619.0
1625876213.0
183969109636.0
101916482370.0
-6717213624398.0
1626758719602.0
-11309119945525.0
-567442754224.0
17141524404.0
0.0
0.0
0.0
0.0
0.0
0.0
0.0
0.0
0.0
0.0
0.0
0.0
0.0
0.0
0.0
0.0
0.0
0.0
0.0
0.0
0.0
0.0
0.0
0.0
0.0
0.0
0.0
0.0
0.0
0.0
0.0
0.0
0.0
0.0
0.0
0.0
0.0
0.0
0.0
0.0
-1739027628.0
-2803911821.0
-4638314482.0
-21017850.0
-3309561.0
-369518.0
150165.0
-57648.0
2212014.0
175846266.0
249054374564.0
-1031069152500.0
-3206148338519.0
930100403.0
6183978355.0
69960005928.0
-8219291446323.0
382247948436.0
-24544946644092.0
1664630690336.0
0.0
0.0
0.0
0.0
0.0
0.0
0.0
0.0
0.0
0.0
0.0
0.0
0.0
0.0
0.0
0.0
-261170488434.0
381505957874.0
-49629816558884.0
1.4305559607621743e+19
2.246801614645417e+20
0.0
0.0
0.0
8.18690848943987e+19
-15527124938032.0
2.6727252505237193e+19
0.0
2449312962856.0
3435837024790346.0
1.2492909977172048e+16
-2.744981819060482e+16
0.0
0.0
0.0
0.0
0.0
0.0
0.0
0.0
-27071012072.0
-1211848517.0
9494280.0
12398092.0
319311552.0
-477991989.0
-235858750.0
-23065818.0
-4880094.0
-91787608.0
-45458184708.0
1579413324327.0
5084503338092.0
-110405456344.0
13208720697.0
-1755407820.0
-39327504645.0
-185154204.0
-753578853320.0
3933812045800.0
1147540592.0
0.0
0.0
0.0
0.0
0.0
0.0
0.0
0.0
0.0
0.0
0.0
0.0
0.0
0.0
0.0
-1019383039382.0
-149393048704.0
258135851036617.0
-6245550184628020.0
-6.764141559956356e+17
0.0
0.0
0.0
-1081887839209030.0
-250717597269.0
-2.570701841880391e+16
760278689231798.0
2158569.0
0.0
1987838561698287.0
-2591462208018.0
0.0
0.0
0.0
0.0
0.0
0.0
0.0
0.0
-773387900823205.0
-116660692920.0
-203327210.0
-177250671963.0
-362245444348.0
7426906640.0
-24619696.0
310322465.0
-8734065949.0
51868283112.0
389759145243.0
1967989529609983.0
-1351127370215384.0
-2450683697130.0
1489716153184.0
-4988326035.0
8975252454.0
-13437869004.0
-495700340139.0
6547990711668.0
1217030267579.0
0.0
0.0
0.0
0.0
0.0
0.0
0.0
0.0
0.0
0.0
0.0
0.0
0.0
0.0
0.0
0.0
0.0
0.0
0.0
0.0
0.0
0.0
0.0
0.0
0.0
0.0
0.0
0.0
0.0
0.0
0.0
0.0
0.0
0.0
0.0
0.0
0.0
0.0
0.0
-139479178329734.0
39740720624.0
-333388954.0
3090651525.0
576104673.0
-35378910.0
-19961127260.0
-377618083098.0
-227013254529.0
137334672.0
186573103830.0
21687585759353.0
-103917417742267.0
-874791939990878.0
-1837525339529.0
33087317788.0
-223704107976.0
542954103416.0
744948767788.0
408942352006.0
-20283519830732.0
97742509026255.0
0.0
0.0
0.0
0.0
0.0
0.0
0.0
0.0
0.0
0.0
0.0
0.0
0.0
0.0
0.0
0.0
0.0
0.0
0.0
0.0
0.0
0.0
0.0
0.0
0.0
0.0
0.0
0.0
0.0
0.0
0.0
0.0
0.0
0.0
0.0
0.0
0.0
0.0
-778603168951.0
2766713244165.0
22334091962.0
-26550750.0
-125390421.0
-327158220.0
-82094125080.0
161812560756.0
4628934848852.0
-15581652.0
96431162.0
3238598871.0
8063678793032.0
294427669503696.0
-6418155837511770.0
-274458424668.0
-2251787462132.0
34463418792.0
-11671749862142.0
443581046889.0
-1703632230776.0
-316624295928.0
1.8241406755915996e+16
0.0
0.0
0.0
0.0
0.0
0.0
0.0
0.0
0.0
0.0
0.0
0.0
0.0
0.0
0.0
0.0
0.0
0.0
0.0
0.0
0.0
0.0
0.0
0.0
0.0
0.0
0.0
0.0
0.0
0.0
0.0
0.0
0.0
0.0
0.0
0.0
0.0
4179942166396.0
7084358892.0
43462661.0
-40742946.0
-269485684.0
763767324382.0
-10715307273.0
-1935664288.0
44460861683.0
19305672.0
-10875695952.0
115871552354.0
25783079338.0
-3534465417985.0
4704856851336.0
378028027608.0
1254182194832.0
-13240739327190.0
-27542222417666.0
46298916968694.0
-52267551073598.0
61306166847178.0
8725892849794.0
2865961440262728.0
0.0
0.0
0.0
0.0
0.0
0.0
0.0
0.0
0.0
0.0
0.0
0.0
0.0
0.0
0.0
0.0
0.0
0.0
0.0
0.0
0.0
0.0
0.0
0.0
0.0
0.0
0.0
0.0
0.0
0.0
0.0
0.0
0.0
0.0
0.0
0.0
32877409311130.0
43475477695.0
47706048.0
1574715140.0
-3144056446.0
510409172.0
83114572.0
-1030874024.0
-62425942482.0
-17583968.0
10769270.0
3716614720.0
238611623118.0
230334043524.0
-522527026941521.0
-8725712683620.0
-148815114579913.0
-128527278306230.0
773593069246440.0
19683824018654.0
-9894373335272.0
-8638789748370.0
657853125069.0
-14221488758622.0
-4.188781716403513e+16
-7588691661003.0
0.0
0.0
0.0
0.0
0.0
0.0
0.0
0.0
0.0
0.0
0.0
0.0
0.0
0.0
0.0
0.0
0.0
0.0
0.0
0.0
0.0
0.0
0.0
0.0
0.0
0.0
0.0
0.0
0.0
0.0
0.0
0.0
0.0
0.0
2623223149710.0
46338236.0
131628734.0
58629752.0
-101353635.0
-625048836.0
-730351636.0
-848132213.0
-1033944798.0
56207961.0
-105369736.0
-5044067768.0
22674500344.0
-3123658074573.0
-3760394857330.0
-1817279454992.0
157326544663643.0
-1577144148499760.0
2.666597940371718e+16
-6108156521060.0
-60754446942303.0
-288661245806281.0
-116491200473085.0
16160490586670.0
-493868012740327.0
40526842535064.0
667556655474222.0
0.0
0.0
0.0
0.0
0.0
0.0
0.0
0.0
0.0
0.0
0.0
0.0
0.0
0.0
0.0
0.0
0.0
0.0
0.0
0.0
0.0
0.0
0.0
0.0
0.0
0.0
0.0
0.0
0.0
0.0
0.0
0.0
0.0
-130122771.0
-13407648.0
260897724136.0
-6794235618.0
1375653430.0
-36581784.0
147242472.0
54602430.0
672228452.0
61419608505.0
13029070042.0
-72677367155.0
31706383797.0
-1783887389872.0
-4355516297344.0
8593719637498.0
207590680453425.0
-191486625906761.0
1592286364142.0
-11059581174874.0
2496652805940.0
6326031450809.0
110783875529685.0
-50867535137650.0
-10369151630422.0
1287784825583.0
68385783241753.0
44420551417760.0
-472884596477.0
0.0
0.0
0.0
0.0
0.0
0.0
0.0
0.0
0.0
0.0
0.0
0.0
0.0
0.0
0.0
0.0
0.0
0.0
0.0
0.0
0.0
0.0
0.0
0.0
0.0
0.0
0.0
0.0
0.0
0.0
-88727263959632.0
4662234.0
125837478.0
608354093688.0
100867037866.0
922287899.0
1149498271.0
327964.0
87621382.0
33392897844.0
-1258943040.0
6909492978.0
-482395080024.0
164532246758.0
-240054915162.0
-3732687328458.0
1651396345992.0
14478888139820.0
-11269727113872.0
370810995433924.0
-18571900532088.0
4317778938944.0
-355484407890179.0
-134244779790.0
-238510987790177.0
359295900289.0
-2812413861541.0
-985547063477.0
1332347253628.0
2809154750.0
-56658637038.0
-353781432.0
-2681943.0
-291512.0
0.0
0.0
0.0
0.0
0.0
0.0
0.0
0.0
0.0
0.0
0.0
0.0
0.0
0.0
0.0
0.0
0.0
0.0
0.0
0.0
0.0
0.0
-160784864470.0
0.0
0.0
0.0
0.0
-24749332.0
-593103458.0
-404200844.0
-44580919527.0
-27621010634.0
44712128592.0
-47443907.0
-1628047988.0
-32945672443.0
-3632961666.0
871586844.0
117673529962.0
1326174816.0
5723549650602.0
42435603950098.0
1601134313118.0
1973823357568.0
23453809460921.0
224863483417412.0
-163169811905036.0
-29918063302161.0
-283323251617886.0
-183486698717504.0
-6778521521254626.0
-131212514104513.0
-9635521252468.0
-25237190350528.0
12381277618178.0
171880361336.0
-30676689802.0
11755295.0
-5870958.0
483514.0
-3952.0
94674.0
3170304500.0
-427413557.0
0.0
0.0
0.0
0.0
0.0
0.0
0.0
0.0
0.0
0.0
0.0
0.0
0.0
0.0
-632835782.0
0.0
0.0
0.0
0.0
0.0
0.0
0.0
0.0
1185567.0
-11763654.0
-1408652.0
537797167.0
132334984.0
-117767697.0
92361234.0
-1421873202.0
878716969.0
10064662787.0
2723055817.0
23757302348.0
443715816.0
23221254636.0
35732235797.0
-18530360430.0
-11271477328352.0
-44357457286552.0
-23030999951921.0
1689204060027.0
2241438582448.0
-216758672156268.0
1293137654791354.0
5260866753417142.0
2948036528805536.0
1274926397532.0
201753904328956.0
-45401317962863.0
-100796117614.0
12989794870.0
16108620.0
16900786.0
9562772.0
61500.0
-18936.0
24378.0
129414.0
-98857314511.0
0.0
0.0
0.0
0.0
0.0
0.0
0.0
-702435899293838.0
0.0
0.0
0.0
0.0
0.0
0.0
0.0
0.0
0.0
0.0
0.0
0.0
0.0
0.0
-324568.0
-1639445.0
102470678.0
-8443624.0
207653940.0
27834794.0
6963997.0
-1054433283.0
-6782359833.0
84564841220.0
-12193023051.0
332096916.0
-470576571.0
-33536283.0
4720933434.0
-6337309910.0
-4460491284216.0
491899892874.0
-1491657675893.0
-485145907742.0
-97502131771.0
-2009741344884.0
8823176472316125.0
-37876894737247.0
-6965798702477876.0
-156032445118.0
242304012850.0
1173582570926.0
34954792662.0
-12953597683.0
272948.0
104237704.0
-14619570.0
350380.0
1031540.0
-416736.0
-15748.0
13918841126828.0
0.0
0.0
0.0
0.0
0.0
0.0
-1168913892846.0
0.0
0.0
0.0
0.0
0.0
0.0
0.0
0.0
0.0
0.0
0.0
0.0
0.0
0.0
0.0
-42868.0
-1127970.0
559868.0
-8985199.0
2708466.0
683118.0
163497972.0
145223576.0
162723034.0
-8689724790.0
-818137583.0
11280738621.0
6169340490.0
36733936.0
125530344.0
1459777307.0
10631640040.0
-1133435686388.0
762797792.0
199942368976.0
-83316013250.0
-8924826593728.0
12946921396995.0
-3040385407736.0
-958400119900.0
-174528577986.0
-2294153440788.0
-7056675151702.0
170905769606.0
34069315732.0
-1397430.0
213533.0
9490018.0
0.0
191818.0
-4330.0
1457124426075.0
25820195240.0
0.0
0.0
0.0
0.0
-3.380570592398731e+18
0.0
0.0
0.0
0.0
0.0
0.0
0.0
0.0
0.0
0.0
0.0
0.0
0.0
0.0
0.0
0.0
0.0
-117180.0
-11181.0
152349.0
3824990.0
-298692030.0
16349940.0
20436207.0
-58740060.0
151662361.0
3740484.0
-21893988.0
-12992596505.0
4465444322.0
63058598.0
105106709.0
114050808198.0
-3344778780.0
-70494290721.0
-15392514544.0
520914526413.0
-523019433054.0
-2413240872.0
-189491904816323.0
-1130492404670295.0
1433667557604360.0
5235447258486.0
-13421701212068.0
-1345970641560.0
10923495983.0
-4390617261.0
-14883.0
11535664.0
2583838.0
-13335.0
1407698.0
425124.0
1.3010176154525655e+18
0.0
0.0
0.0
423284608728.0
-0.0
0.0
0.0
0.0
0.0
0.0
0.0
0.0
0.0
0.0
0.0
0.0
0.0
0.0
0.0
0.0
0.0
0.0
0.0
-89912.0
-343808.0
279836.0
1387749.0
82633764.0
-68821407.0
-5305546.0
223062.0
-453260.0
2577585924.0
2415459185.0
103100554510.0
818511252.0
2407074234.0
4316983399.0
-73641415701.0
-62703471372.0
188011054682.0
-32781261030.0
8050450776341.0
1303873750280.0
-9278660157.0
-4288048304535.0
-913163232972864.0
1185689085770856.0
539579798776.0
-7038719568538.0
1085747792743.0
-290813846712.0
34392.0
-3626160.0
-54587218.0
-5813498.0
-273927.0
-114989.0
3.043030361549949e+19
-0.0
0.0
0.0
449106717260829.0
0.0
0.0
0.0
0.0
0.0
0.0
0.0
0.0
0.0
0.0
0.0
0.0
0.0
0.0
0.0
0.0
0.0
0.0
0.0
0.0
4320.0
246584.0
-163902.0
1909952.0
354304.0
-219204484.0
14173235.0
-2160852.0
-9405784.0
128912308.0
-3809761250.0
91952351540.0
-765349019449.0
-2675900328728.0
-2110923858704.0
1.4819609563508044e+16
-118518490577029.0
-1201120017204.0
-3262093060150.0
4486885225169.0
-607330977277.0
-1245919844.0
193333854756.0
241001135997.0
15326253994875.0
-83516823633.0
1645513067180.0
193569411218.0
1938302652.0
132437.0
-2296332.0
-491593.0
343653.0
459864.0
7.393873764353002e+16
653087691532.0
2431034472.0
235290044100.0
0.0
0.0
0.0
0.0
0.0
0.0
0.0
0.0
0.0
0.0
0.0
0.0
0.0
0.0
0.0
0.0
0.0
0.0
0.0
0.0
0.0
0.0
-6087.0
25538.0
31981.0
640311.0
-854551.0
79447766.0
4166379.0
18034670.0
2022771900.0
3934616382.0
-1299127185.0
-1053430618.0
246587802.0
1168781468925.0
5482730880.0
272978816413.0
-974755565967.0
-599467948.0
-62593497.0
-2551507846.0
-86629278384.0
-8223625.0
-175774471185.0
7752674356175.0
1794892956537.0
265170183876.0
10312753953.0
531427652.0
23124298.0
-71134.0
1246774.0
321368.0
45844.0
-12708.0
-17128.0
0.0
0.0
0.0
0.0
0.0
0.0
0.0
0.0
0.0
0.0
0.0
0.0
0.0
0.0
0.0
0.0
0.0
0.0
0.0
0.0
0.0
0.0
0.0
0.0
0.0
-15379.0
-46949.0
-88710.0
3296.0
29563.0
-50652.0
2472324.0
-201468.0
622908.0
-15047160.0
-6851073.0
-1151440.0
-880665.0
15809058738.0
5674927156.0
-901463385.0
-71375413.0
381125331.0
185703744.0
-5397805.0
-8575700562.0
325119120.0
3140928.0
-3033460865132.0
16115463951878.0
-802783573156.0
64541091814.0
100054483.0
-4395484.0
104003.0
16272.0
-5152.0
-26120.0
-25015.0
4640.0
0.0
0.0
0.0
0.0
0.0
0.0
0.0
0.0
0.0
0.0
0.0
0.0
0.0
0.0
0.0
0.0
0.0
0.0
0.0
0.0
0.0
0.0
0.0
0.0
0.0
-20601.0
-45962.0
315479.0
4487.0
0.0
916.0
-4956.0
25756.0
-38433.0
50250939.0
-37874571.0
-258236952.0
-5953015.0
-175752328.0
-60725990537.0
-40202070.0
87132.0
468273111.0
-1311974040.0
-6727732.0
-172613690.0
2749230660.0
552608741.0
443991357990.0
-50162841280.0
-503970915876.0
-2413082168.0
994061587.0
-32283390.0
332284.0
-201134.0
-669228.0
-20280393.0
-925583.0
0.0
0.0
0.0
0.0
0.0
0.0
0.0
0.0
0.0
0.0
0.0
0.0
0.0
0.0
0.0
0.0
0.0
0.0
0.0
0.0
0.0
0.0
0.0
0.0
0.0
0.0
671781.0
2057002.0
-1021312.0
60237.0
-4705.0
-34200.0
-75775.0
461618.0
9534.0
3146088.0
-83641825.0
-32505985.0
-1272832800.0
12917937.0
-1655005176.0
47225954.0
-43225532.0
593677180.0
-8925995.0
9942908.0
23894005610.0
-220382611467.0
338654766.0
-2241001752.0
6969622665.0
-9518297220.0
14996827444.0
-65054424.0
3714587.0
75252.0
-3922.0
7018962.0
-2478230.0
-1900.0
0.0
0.0
0.0
0.0
0.0
0.0
0.0
0.0
0.0
0.0
0.0
0.0
0.0
0.0
0.0
0.0
0.0
0.0
0.0
0.0
0.0
0.0
0.0
0.0
0.0
0.0
-567832.0
-72201.0
17660.0
0.0
-4460.0
32.0
17348.0
35032.0
190514.0
493088.0
-1731692.0
-967163.0
-22993383.0
2076689739.0
-929519173.0
-715394658.0
-614381578.0
-160572249.0
-1504876734.0
115880268.0
-41510964.0
1628939732.0
147800996.0
-4132711.0
-431852.0
-11874245.0
-385651065.0
350176.0
244544.0
-483684.0
78353.0
16452324.0
-3198.0
0.0
0.0
0.0
0.0
0.0
0.0
0.0
0.0
0.0
0.0
0.0
0.0
0.0
0.0
0.0
0.0
0.0
0.0
0.0
0.0
0.0
0.0
0.0
0.0
0.0
0.0
0.0
-882.0
8124.0
-1094.0
-39994.0
-322.0
6346.0
-1662.0
-81773.0
1012823.0
-25452257.0
30017364.0
2626288.0
-69531614.0
-251293206.0
-2190192036.0
-51647470.0
67208424.0
670061438.0
86494607.0
-971460756.0
20176876.0
-17633991881.0
-87703540.0
-828426.0
-9180776.0
-42227471.0
1410474.0
671826.0
190547.0
17710.0
761028.0
26770.0
0.0
0.0
0.0
0.0
0.0
0.0
0.0
0.0
0.0
0.0
0.0
0.0
0.0
0.0
0.0
0.0
0.0
0.0
0.0
0.0
0.0
0.0
0.0
0.0
0.0
0.0
0.0
0.0
-9136.0
-3960.0
-73078.0
-9812.0
10095.0
-11821.0
738.0
13161.0
210778.0
3022680.0
-8836.0
217.0
1087348.0
1151962.0
-125327385.0
-161139002.0
-7377170.0
-48217361.0
61124015.0
627280674.0
-75124686.0
-32760174349.0
-421675229.0
164604.0
-2403022.0
13647923.0
37364.0
-574980.0
75606.0
21436.0
2456415.0
-814404.0
0.0
0.0
0.0
0.0
0.0
0.0
0.0
0.0
0.0
0.0
0.0
0.0
0.0
0.0
0.0
0.0
0.0
0.0
0.0
0.0
0.0
0.0
0.0
0.0
0.0
0.0
0.0
0.0
-5170.0
-8965.0
61400.0
533712.0
4774.0
-24870.0
-3155.0
-0.0
-18198.0
3380.0
0.0
1740.0
-13950.0
-173088.0
-39786.0
-5373496.0
-37894041.0
-166409226.0
-47479788.0
480715124.0
30377036.0
-475545053.0
-773742692.0
-3651628.0
-272817.0
-1936340.0
194463.0
32288.0
339568.0
-2656.0
80652.0
-180.0
420.0
0.0
0.0
0.0
0.0
0.0
0.0
0.0
0.0
0.0
0.0
0.0
0.0
0.0
0.0
0.0
0.0
0.0
0.0
0.0
0.0
0.0
0.0
0.0
0.0
0.0
0.0
0.0
15438.0
-487060.0
-166558.0
890091.0
53999.0
-79512.0
-9845.0
10205.0
318157.0
-86.0
22630.0
-10690.0
-20610.0
4865.0
0.0
-51640.0
-3205291.0
10171812.0
-335497.0
-188898.0
-66785.0
-221620.0
-40033143.0
-632949946.0
253650004.0
-948072486.0
12284545.0
-20923699.0
-90355.0
24.0
-937.0
-53981.0
18537.0
0.0
0.0
0.0
0.0
0.0
0.0
0.0
0.0
0.0
0.0
0.0
0.0
0.0
0.0
0.0
0.0
0.0
0.0
0.0
0.0
0.0
0.0
0.0
0.0
0.0
0.0
0.0
307200.0
-2278048.0
-178728.0
67675.0
-46058.0
-28556.0
-1250.0
377470.0
5000.0
-2621960.0
2357464.0
-3810.0
-1916.0
88010.0
-28592.0
197983.0
24318.0
11466980.0
16493529.0
-10456482.0
-1431308.0
0.0
7830006.0
1787573606.0
2639723.0
-168456539.0
146520880.0
98877814.0
-57342734.0
16.0
-3626.0
-12528.0
624.0
15736.0
-359.0
-349.0
1144.0
-357.0
0.0
0.0
0.0
0.0
0.0
0.0
0.0
0.0
0.0
0.0
21.0
4445.0
-4199.0
106.0
1976.0
5631.0
0.0
0.0
-106.0
4037.0
0.0
0.0
205522.0
-188226.0
-11198.0
-1992.0
-392656.0
102684.0
148084.0
421368.0
-28758.0
129312.0
1041608.0
58557.0
1013630.0
34569939.0
-160062.0
11500.0
97412.0
-14094.0
130773.0
-1237009.0
146792.0
-58174.0
-1980.0
-846256.0
-282036598.0
-176868182.0
35362572.0
52757056707.0
-1632626.0
7320.0
425.0
6425.0
6078.0
-1.0
-54.0
751.0
151.0
10.0
0.0
0.0
-2619.0
-0.0
0.0
24.0
238.0
0.0
0.0
54.0
678.0
749.0
-0.0
0.0
0.0
0.0
-273.0
562.0
2075.0
-1088.0
66.0
-0.0
0.0
-9168.0
-4296.0
-56508.0
-255035.0
-1680.0
-181784.0
-152690.0
18549048.0
9046156.0
250772.0
-3267609.0
1311648.0
179368.0
10536.0
-968790.0
726968.0
76898.0
-12272.0
31240.0
-1112.0
-503640.0
-4312.0
-157.0
-330562.0
22542486.0
-1183704.0
-647696.0
0.0
-0.0
-5250.0
0.0
-3236.0
-579.0
-0.0
-0.0
0.0
-0.0
0.0
0.0
-0.0
0.0
0.0
1015.0
0.0
0.0
0.0
-0.0
-0.0
0.0
0.0
0.0
-0.0
0.0
50.0
0.0
0.0
-11.0
0.0
-0.0
-4180.0
37711.0
-3698856.0
-712895.0
324455.0
8543909.0
2868318.0
2797475.0
183355.0
15258.0
-68680176.0
1482126026.0
50470520.0
405059.0
-819630.0
1841024.0
-3664321.0
-651204.0
40404.0
12836.0
1469.0
-826.0
-427.0
-11527.0
-66339.0
3705.0
1.0
0.0
168.0
-0.0
-432.0
378.0
197.0
-13510.0
-724.0
-0.0
0.0
0.0
0.0
0.0
0.0
0.0
0.0
0.0
0.0
0.0
0.0
0.0
0.0
0.0
0.0
0.0
0.0
0.0
0.0
0.0
0.0
0.0
0.0
0.0
-3570.0
-3362952.0
6046339.0
-3055300.0
84514407.0
-227586.0
-8106.0
-3069.0
-47121.0
-38675256.0
-4073378.0
1185650.0
162622.0
-81935019.0
4558991.0
5800652.0
-7155410.0
246477956.0
-24528.0
-461202.0
0.0
-6480.0
-39.0
-0.0
-1132.0
78.0
1063.0
-459.0
210.0
567.0
0.0
0.0
0.0
0.0
0.0
3256.0
1368.0
-0.0
0.0
0.0
0.0
0.0
0.0
0.0
0.0
0.0
0.0
0.0
0.0
0.0
0.0
0.0
-0.0
0.0
0.0
0.0
0.0
0.0
0.0
0.0
43018.0
-310419.0
2314848.0
614322.0
8445.0
-15812.0
-101208.0
50658480.0
-1115622.0
75638.0
-4929.0
3516742.0
7834962.0
251528.0
145012.0
145358.0
2103541.0
-7080.0
3880.0
8236.0
-2788.0
20.0
-133.0
1756.0
-250.0
-860.0
12.0
-724.0
173.0
0.0
-2.0
-678.0
0.0
0.0
-8.0
-1.0
0.0
886.0
2.0
0.0
0.0
0.0
0.0
0.0
0.0
0.0
0.0
0.0
0.0
0.0
0.0
0.0
0.0
0.0
0.0
0.0
2.0
0.0
0.0
0.0
-9.0
12960.0
92840.0
-4356.0
-498.0
-402336.0
-2069626.0
130708.0
-40.0
-1686.0
-191170.0
-3027.0
-4064.0
-20060.0
0.0
188376.0
-0.0
0.0
2450.0
-372.0
1803.0
602.0
3194.0
44.0
-1161.0
-2780.0
-739.0
-149.0
1072.0
823.0
2018.0
964.0
1164.0
0.0
0.0
15.0
0.0
-890.0
401.0
0.0
0.0
0.0
0.0
0.0
0.0
0.0
0.0
0.0
0.0
0.0
0.0
0.0
0.0
0.0
0.0
0.0
0.0
5239.0
0.0
0.0
215880.0
-3403.0
2.0
888.0
-6226.0
32247.0
497420.0
-2282.0
-1195.0
-53006.0
-8.0
-454.0
-17250.0
-18469.0
37600.0
-5396.0
-42.0
-3651.0
652.0
-2304.0
20.0
681.0
1377.0
368.0
0.0
-0.0
-604.0
940.0
1196.0
-0.0
-373.0
-565.0
0.0
-0.0
0.0
-8.0
-3.0
-12618.0
-19.0
-0.0
-0.0
-0.0
0.0
0.0
0.0
0.0
0.0
0.0
0.0
-2460.0
0.0
2.0
0.0
0.0
0.0
0.0
0.0
0.0
-0.0
0.0
612.0
-18730.0
740.0
-3567.0
42046.0
-280798.0
1716.0
9996.0
-130368.0
-3392.0
-5348.0
17855.0
-1464.0
2368.0
59.0
-1090.0
-1072.0
-1428.0
13116.0
2064.0
2070.0
3372.0
-1530.0
0.0
0.0
3589.0
572.0
284.0
432.0
0.0
3359.0
-1160.0
406.0
-206.0
0.0
9.0
86.0
843.0
398.0
949.0
0.0
0.0
0.0
0.0
0.0
-0.0
0.0
0.0
-428.0
196.0
0.0
-584.0
0.0
-7.0
-474.0
0.0
-18.0
528.0
-445.0
-422.0
20787.0
-1028.0
-46090.0
-211.0
2.0
-24650.0
22089.0
19589.0
5742.0
943.0
2164.0
1922.0
3808.0
1852.0
-800.0
4072.0
-2234.0
-20.0
1.0
-2.0
4.0
356.0
-507.0
897.0
23.0
8.0
0.0
1052.0
-36.0
491.0
-36.0
0.0
1015.0
0.0
1011.0
-224.0
966.0
-874.0
0.0
-2.0
0.0
0.0
0.0
0.0
0.0
-3.0
4.0
1096.0
27.0
-11.0
1134.0
897.0
-0.0
0.0
0.0
0.0
0.0
237.0
0.0
0.0
-11818.0
-7375.0
-728.0
-10812.0
-138171.0
13773.0
-27308.0
-41880.0
12.0
16736.0
-385.0
-5089.0
1286.0
-2460.0
133.0
72.0
-19.0
22231.0
0.0
0.0
-1.0
-0.0
1148.0
0.0
0.0
2526.0
0.0
-18.0
0.0
-533.0
39.0
-2.0
-579.0
0.0
-344.0
-2319.0
-0.0
50.0
0.0
0.0
0.0
0.0
0.0
0.0
0.0
0.0
0.0
10.0
414.0
0.0
1560.0
0.0
0.0
0.0
0.0
0.0
0.0
0.0
0.0
0.0
3521169.0
-6117.0
-6555.0
-19786.0
1496.0
32.0
13392.0
-753.0
0.0
-7410.0
-0.0
6.0
8048.0
2724.0
720.0
651.0
-0.0
406.0
-48.0
0.0
0.0
-1064.0
-1767.0
8.0
2121.0
-0.0
146.0
-1292.0
-0.0
-523.0
-2.0
-4.0
-0.0
764.0
57.0
416.0
-48.0
-162.0
-168.0
2608.0
-0.0
0.0
2.0
21.0
0.0
-0.0
14.0
0.0
0.0
-0.0
72.0
976.0
-4.0
0.0
0.0
120.0
-479.0
0.0
1425.0
-1390.0
1530.0
-19856.0
-34030.0
3890.0
-1473.0
-2343.0
-240.0
-453.0
6866.0
710.0
2360.0
-565.0
98.0
1060.0
-2015.0
-5.0
236.0
524.0
-1584.0
4.0
0.0
0.0
1221.0
96.0
848.0
4112.0
-126.0
-0.0
-0.0
-11672.0
-88.0
-1106.0
-22.0
-0.0
-978.0
966.0
0.0
0.0
0.0
-930.0
438.0
-0.0
-0.0
1.0
12.0
0.0
-0.0
-40.0
-30.0
-36.0
0.0
0.0
-0.0
674.0
-516.0
-36.0
6887.0
-0.0
3138.0
-694.0
-289.0
10274.0
104180.0
-4669.0
4124.0
-346.0
0.0
-636.0
-1420.0
3176.0
-0.0
-109.0
1425.0
-1344.0
0.0
385.0
0.0
-8.0
-0.0
332.0
0.0
26.0
-1021.0
230.0
0.0
-1178.0
-0.0
-0.0
0.0
-5312.0
-0.0
1104.0
0.0
204.0
-5926.0
-720.0
-0.0
-0.0
1820.0
1.0
1.0
0.0
-59.0
-337.0
4.0
-0.0
0.0
-0.0
1297.0
244.0
-327.0
-597.0
2374.0
-15.0
384.0
-1684.0
1038.0
61.0
0.0
0.0
-2850.0
-453.0
-5489.0
29.0
679.0
581.0
0.0
384.0
969.0
1008.0
-2199.0
2122.0
810.0
-73.0
276.0
-4.0
0.0
-0.0
0.0
408.0
-3462.0
138.0
1876.0
1124.0
0.0
780.0
846.0
77.0
-5058.0
-100.0
420.0
-36.0
0.0
0.0
0.0
109.0
0.0
-0.0
0.0
0.0
0.0
0.0
14.0
1090.0
294.0
-92.0
-11.0
24.0
1000.0
275.0
-400.0
389.0
0.0
-3698.0
-253.0
-0.0
-248.0
2091.0
412.0
-204.0
-1319.0
5228.0
-9.0
814.0
755.0
-0.0
0.0
1236.0
356.0
-5940.0
-878.0
-2568.0
0.0
0.0
338.0
-900.0
5.0
-1748.0
0.0
0.0
126.0
-810.0
0.0
24.0
-5288.0
-4083.0
0.0
-4.0
29.0
-0.0
0.0
2.0
369.0
1010.0
385.0
-116.0
68.0
0.0
0.0
10.0
-48.0
0.0
-0.0
0.0
-124.0
0.0
0.0
0.0
0.0
0.0
-2285.0
0.0
0.0
0.0
-4360.0
-2079.0
152.0
809.0
609.0
348.0
733.0
1649.0
7.0
-954.0
108.0
570.0
-138.0
929.0
456.0
-4248.0
6447.0
-0.0
-750.0
12.0
-915.0
-526.0
1344.0
264.0
-1140.0
0.0
1272.0
2226.0
-204.0
1432.0
0.0
1.0
0.0
0.0
-39.0
-5466.0
0.0
0.0
-0.0
32.0
323.0
-120.0
0.0
0.0
0.0
0.0
2405.0
32.0
-0.0
848.0
474.0
1366.0
-0.0
-497.0
-0.0
-500.0
180.0
186.0
0.0
-2096.0
50.0
1682.0
-1818.0
0.0
-9.0
-2.0
11990.0
-1083.0
-2.0
0.0
60.0
0.0
-2546.0
-1310.0
-1050.0
-0.0
0.0
0.0
-280.0
-424.0
-1154.0
-403.0
18.0
118.0
0.0
665.0
0.0
10.0
0.0
-12.0
-12.0
-138.0
0.0
4.0
2805.0
1934.0
584.0
2912.0
-0.0
-152.0
72.0
-7.0
440.0
3898.0
2.0
0.0
-1026.0
27.0
0.0
-49.0
1425.0
-4302.0
882.0
-171.0
991.0
694.0
189.0
-0.0
2.0
1429.0
-4204.0
337.0
0.0
0.0
-56.0
0.0
35567.0
-64864.0
0.0
0.0
668.0
0.0
-264.0
4.0
6.0
559.0
0.0
0.0
-0.0
2.0
89.0
0.0
0.0
-955.0
100.0
0.0
21.0
-0.0
510.0
-12.0
25.0
0.0
300.0
1064.0
5.0
13456.0
-1593.0
-532.0
0.0
2232.0
2.0
0.0
0.0
0.0
0.0
1.0
0.0
-2183.0
0.0
222.0
-1752.0
-209.0
8.0
-320.0
511.0
1610.0
0.0
10.0
-1859.0
-1427.0
0.0
-0.0
0.0
0.0
0.0
-0.0
